{
 "cells": [
  {
   "cell_type": "code",
   "execution_count": 1,
   "id": "6101490a-d405-438c-90d5-e0a768fa7525",
   "metadata": {},
   "outputs": [],
   "source": [
    "import numpy as np\n",
    "from scipy.linalg import svd"
   ]
  },
  {
   "cell_type": "code",
   "execution_count": 2,
   "id": "88acff3b-c362-429f-9a62-65291ee4cc57",
   "metadata": {},
   "outputs": [
    {
     "name": "stdout",
     "output_type": "stream",
     "text": [
      "[[0.68704092 0.71701527 0.54815151 0.59362926 0.15302963 0.44646579\n",
      "  0.54177316 0.34860558 0.56456976]\n",
      " [0.69215174 0.44863156 0.69044682 0.98771042 0.64343353 0.57904427\n",
      "  0.88315668 0.7810759  0.99717661]\n",
      " [0.5553502  0.22497436 0.91412063 0.60009147 0.8344799  0.03489528\n",
      "  0.67773424 0.39612298 0.08036005]\n",
      " [0.90513947 0.66483494 0.8198434  0.24410249 0.43404713 0.09993321\n",
      "  0.87148859 0.96235555 0.49084846]\n",
      " [0.54472149 0.67942266 0.19439056 0.14904942 0.42120822 0.31126566\n",
      "  0.93716243 0.32990832 0.41809605]\n",
      " [0.55864739 0.4269131  0.23736689 0.4279579  0.04982261 0.112309\n",
      "  0.02712489 0.89486618 0.07490631]\n",
      " [0.23618136 0.64448659 0.73551209 0.17111778 0.67861506 0.68763732\n",
      "  0.47830297 0.03744546 0.10481736]\n",
      " [0.47668526 0.05428451 0.34334251 0.85152068 0.2965687  0.39334995\n",
      "  0.56136021 0.24629407 0.7510733 ]\n",
      " [0.50381506 0.25608741 0.77027869 0.1111571  0.05672443 0.94767053\n",
      "  0.29517904 0.08818659 0.76716468]]\n"
     ]
    }
   ],
   "source": [
    "A = np.random.rand(9,9)\n",
    "print(A)"
   ]
  },
  {
   "cell_type": "code",
   "execution_count": 3,
   "id": "e2f79b75-4b4f-428e-99cd-1e437e52866d",
   "metadata": {},
   "outputs": [],
   "source": [
    "A_2 = np.matmul(A,A)"
   ]
  },
  {
   "cell_type": "code",
   "execution_count": 4,
   "id": "4ea3e389-ddac-4ee6-b809-502075e065dd",
   "metadata": {},
   "outputs": [
    {
     "name": "stdout",
     "output_type": "stream",
     "text": [
      "[[2.72138799 2.13952253 2.94819465 2.25608381 1.87134102 1.94284357\n",
      "  2.67129744 2.19391425 2.28746261]\n",
      " [3.8207919  3.06086312 4.07845603 2.78021272 2.58686054 2.81643121\n",
      "  3.87385427 2.8595571  3.13503849]\n",
      " [2.45152232 2.16447562 2.65423166 1.84844579 2.18820944 1.43175169\n",
      "  2.99530547 1.74548172 1.68759758]\n",
      " [2.96241064 2.37116444 3.36234189 2.87616454 2.44884115 2.43138585\n",
      "  3.35733737 1.94006003 2.73933953]\n",
      " [2.07994961 1.98623869 2.34796812 1.8312236  1.69788505 1.99477378\n",
      "  2.31683388 1.51173334 1.94000558]\n",
      " [1.75908101 1.09704658 1.59006314 1.83065791 1.0586385  1.01742426\n",
      "  1.8006886  1.37903335 1.73190249]\n",
      " [2.10912852 1.8294819  2.12761495 1.78072501 1.80060285 1.2528173\n",
      "  2.2801069  1.91735695 1.41301206]\n",
      " [2.33617659 1.94642956 2.53775101 1.35229787 1.40509768 1.67248344\n",
      "  2.19804619 1.76179878 1.74229266]\n",
      " [2.11035485 1.55792619 2.32252963 1.66628767 1.27399487 1.49998147\n",
      "  1.614041   1.75493293 1.43668294]]\n"
     ]
    }
   ],
   "source": [
    "print(A_2)"
   ]
  },
  {
   "cell_type": "code",
   "execution_count": 7,
   "id": "c464a3fd-30a2-4e50-841d-6c0ed30302f9",
   "metadata": {},
   "outputs": [
    {
     "data": {
      "text/plain": [
       "17.477394915228583"
      ]
     },
     "execution_count": 7,
     "metadata": {},
     "output_type": "execute_result"
    }
   ],
   "source": [
    "np.trace(A_2)"
   ]
  },
  {
   "cell_type": "code",
   "execution_count": 10,
   "id": "eabaf69f-a268-42d3-9fc3-f1e7b1819e1b",
   "metadata": {},
   "outputs": [],
   "source": [
    "eye = np.eye(3)"
   ]
  },
  {
   "cell_type": "code",
   "execution_count": 12,
   "id": "11a61fcc-7620-44cb-8f72-1cbd76f6ed9d",
   "metadata": {},
   "outputs": [
    {
     "data": {
      "text/plain": [
       "3.0"
      ]
     },
     "execution_count": 12,
     "metadata": {},
     "output_type": "execute_result"
    }
   ],
   "source": [
    "np.trace(np.matmul(eye,eye))"
   ]
  },
  {
   "cell_type": "code",
   "execution_count": null,
   "id": "4dc781f3-9f38-4a68-a2d3-32492e979bd7",
   "metadata": {},
   "outputs": [],
   "source": []
  }
 ],
 "metadata": {
  "kernelspec": {
   "display_name": "Python 3 (ipykernel)",
   "language": "python",
   "name": "python3"
  },
  "language_info": {
   "codemirror_mode": {
    "name": "ipython",
    "version": 3
   },
   "file_extension": ".py",
   "mimetype": "text/x-python",
   "name": "python",
   "nbconvert_exporter": "python",
   "pygments_lexer": "ipython3",
   "version": "3.9.13"
  }
 },
 "nbformat": 4,
 "nbformat_minor": 5
}
